[SEND] sair
59	0	0	59	1	0.00
0	0	0	0	1	0.00
16	0	0	16	1	0.00
4	0	0	4	1	-1.22
4	0	0	4	1	-2.43
4	0	0	4	1	-3.64
4	0	0	4	1	-4.85
4	0	0	4	1	-6.06
4	0	0	4	1	-7.28
4	0	0	4	1	-8.49
4	0	0	4	1	-9.70
[SEND] 030
4	0	0	4	1	-10.00
4	30	30	4	16	0.00
4	30	30	4	32	0.00
4	30	30	4	48	0.00
12	30	30	12	59	0.00
22	30	30	22	64	2.42
29	30	30	29	65	2.73
32	30	30	32	64	2.12
33	30	30	33	62	1.21
33	30	30	33	60	0.30
33	30	30	33	58	-0.61
33	30	30	33	56	-1.52
33	30	30	33	54	-2.44
33	30	30	33	53	-3.34
33	30	30	33	51	-4.26
33	30	30	33	48	-5.16
33	30	30	33	46	-6.08
33	30	30	33	44	-6.99
33	30	30	33	42	-7.90
32	30	30	32	40	-8.50
31	30	30	31	39	-8.81
30	30	30	30	39	-8.81
29	30	30	29	39	-8.50
29	30	30	29	39	-8.20
29	30	30	29	39	-7.90
29	30	30	29	40	-7.59
29	30	30	29	40	-7.29
29	30	30	29	40	-6.99
29	30	30	29	40	-6.68
29	30	30	29	41	-6.38
29	30	30	29	41	-6.08
29	30	30	29	41	-5.77
29	30	30	29	42	-5.47
29	30	30	29	42	-5.17
29	30	30	29	42	-4.86
29	30	30	29	43	-4.56
29	30	30	29	43	-4.26
29	30	30	29	44	-3.96
29	30	30	29	44	-3.65
29	30	30	29	44	-3.35
29	30	30	29	45	-3.05
29	30	30	29	45	-2.74
29	30	30	29	46	-2.44
29	30	30	29	46	-2.13
[SEND] 060
29	30	30	29	47	-1.83
29	60	60	29	66	0.00
29	60	60	29	85	0.00
34	60	60	34	101	0.00
44	60	60	44	111	0.00
53	60	60	53	115	2.13
63	60	60	63	113	1.22
64	60	60	64	111	0.00
64	60	60	64	108	-1.21
64	60	60	64	106	-2.43
64	60	60	64	103	-3.64
64	60	60	64	101	-4.86
64	60	60	64	98	-6.07
64	60	60	64	95	-7.28
64	60	60	64	92	-8.49
64	60	60	64	89	-9.71
63	60	60	63	87	-10.00
62	60	60	62	85	-10.00
61	60	60	61	84	-10.00
59	60	60	59	84	-9.70
59	60	60	59	85	-9.39
59	60	60	59	85	-9.09
59	60	60	59	85	-8.79
59	60	60	59	85	-8.48
59	60	60	59	85	-8.18
59	60	60	59	85	-7.88
59	60	60	59	86	-7.58
59	60	60	59	86	-7.27
59	60	60	59	86	-6.97
59	60	60	59	86	-6.66
59	60	60	59	87	-6.36
59	60	60	59	87	-6.06
59	60	60	59	87	-5.75
59	60	60	59	88	-5.45
59	60	60	59	88	-5.15
59	60	60	59	88	-4.84
59	60	60	59	89	-4.54
59	60	60	59	89	-4.24
59	60	60	59	89	-3.93
59	60	60	59	90	-3.63
59	60	60	59	90	-3.32
[SEND] 080
59	60	60	59	91	-3.02
59	80	80	59	104	0.00
59	80	80	59	116	0.00
59	80	80	59	129	0.00
64	80	80	64	139	0.00
72	80	80	72	144	2.43
78	80	80	78	145	3.04
82	80	80	82	144	2.43
82	80	80	82	143	1.83
83	80	80	83	142	0.92
83	80	80	83	140	0.00
84	80	80	84	137	-1.21
84	80	80	84	135	-2.42
84	80	80	84	132	-3.63
84	80	80	84	130	-4.85
84	80	80	84	127	-6.07
84	80	80	84	124	-7.28
84	80	80	84	121	-8.23
84	80	80	84	118	-9.44
84	80	80	84	115	-10.00
82	80	80	82	114	-10.00
81	80	80	81	113	-10.00
79	80	80	79	113	-9.76
79	80	80	79	113	-9.46
79	80	80	79	113	-9.15
79	80	80	79	113	-8.85
79	80	80	79	113	-8.55
79	80	80	79	114	-8.25
79	80	80	79	114	-7.94
79	80	80	79	114	-7.64
78	80	80	78	115	-7.03
78	80	80	78	116	-6.42
78	80	80	78	117	-5.81
78	80	80	78	118	-5.21
78	80	80	78	118	-4.60
78	80	80	78	119	-3.99
78	80	80	78	121	-3.39
78	80	80	78	122	-2.78
78	80	80	78	123	-2.17
78	80	80	78	124	-1.57
78	80	80	78	125	-0.96
78	80	80	78	126	-0.35
78	80	80	78	127	0.25
78	80	80	78	129	0.86
78	80	80	78	130	1.47
78	80	80	78	131	2.08
78	80	80	78	132	2.68
[SEND] 100
78	80	80	78	134	3.29
78	100	100	78	148	0.00
78	100	100	78	150	0.00
85	100	100	85	150	3.56
86	100	100	86	150	7.82
87	100	100	87	150	10.00
87	100	100	87	150	10.00
87	100	100	87	150	10.00
87	100	100	87	150	10.00
87	100	100	87	150	10.00
87	100	100	87	150	10.00
87	100	100	87	150	10.00
88	100	100	88	150	10.00
89	100	100	89	150	10.00
89	100	100	89	150	10.00
89	100	100	89	150	10.00
89	100	100	89	150	10.00
89	100	100	89	150	10.00
89	100	100	89	150	10.00
89	100	100	89	150	10.00
89	100	100	89	150	10.00
89	100	100	89	150	10.00
89	100	100	89	150	10.00
89	100	100	89	150	10.00
89	100	100	89	150	10.00
89	100	100	89	150	10.00
89	100	100	89	150	10.00
89	100	100	89	150	10.00
89	100	100	89	150	10.00
89	100	100	89	150	10.00
89	100	100	89	150	10.00
89	100	100	89	150	10.00
89	100	100	89	150	10.00
89	100	100	89	150	10.00
89	100	100	89	150	10.00
89	100	100	89	150	10.00
89	100	100	89	150	10.00
89	100	100	89	150	10.00
89	100	100	89	150	10.00
89	100	100	89	150	10.00
89	100	100	89	150	10.00
89	100	100	89	150	10.00
89	100	100	89	150	10.00
90	100	100	90	150	10.00
90	100	100	90	150	10.00
90	100	100	90	150	10.00
90	100	100	90	150	10.00
90	100	100	90	150	10.00
90	100	100	90	150	10.00
90	100	100	90	150	10.00
90	100	100	90	150	10.00
90	100	100	90	150	10.00
90	100	100	90	150	10.00
90	100	100	90	150	10.00
90	100	100	90	150	10.00
90	100	100	90	150	10.00
90	100	100	90	150	10.00
90	100	100	90	150	10.00
90	100	100	90	150	10.00
90	100	100	90	150	10.00
90	100	100	90	150	10.00
90	100	100	90	150	10.00
90	100	100	90	150	10.00
90	100	100	90	150	10.00
90	100	100	90	150	10.00
90	100	100	90	150	10.00
90	100	100	90	150	10.00
90	100	100	90	150	10.00
90	100	100	90	150	10.00
90	100	100	90	150	10.00
90	100	100	90	150	10.00
90	100	100	90	150	10.00
90	100	100	90	150	10.00
91	100	100	91	150	10.00
90	100	100	90	150	10.00
91	100	100	91	150	10.00
90	100	100	90	150	10.00
91	100	100	91	150	10.00
[SEND] 080
91	100	100	91	150	10.00
91	80	80	91	143	6.55
90	80	80	90	137	3.51
91	80	80	91	131	0.17
91	80	80	91	124	-3.16
90	80	80	90	118	-6.20
85	80	80	85	114	-7.71
81	80	80	81	113	-8.02
78	80	80	78	114	-7.41
78	80	80	78	115	-6.80
78	80	80	78	116	-6.20
78	80	80	78	117	-5.59
78	80	80	78	118	-4.98
78	80	80	78	119	-4.38
78	80	80	78	120	-3.77
78	80	80	78	121	-3.16
[SEND] 010
78	80	80	78	122	-2.56
78	10	10	78	80	0.00
78	10	10	78	38	0.00
55	10	10	55	10	0.00
27	10	10	27	1	0.00
9	10	10	9	1	0.30
4	10	10	4	5	2.12
4	10	10	4	9	3.94
4	10	10	4	13	5.76
4	10	10	4	16	7.58
4	10	10	4	21	9.40
9	10	10	9	22	9.70
10	10	10	10	22	9.70
10	10	10	10	23	9.70
10	10	10	10	23	9.70
10	10	10	10	24	9.70
10	10	10	10	24	9.70
10	10	10	10	25	9.70
10	10	10	10	25	9.70
10	10	10	10	26	9.70
10	10	10	10	26	9.70
10	10	10	10	26	9.70
10	10	10	10	27	9.70
10	10	10	10	27	9.70
10	10	10	10	28	9.70
10	10	10	10	28	9.70
10	10	10	10	29	9.70
10	10	10	10	29	9.70
10	10	10	10	30	9.70
11	10	10	11	30	9.40
11	10	10	11	30	9.10
12	10	10	12	29	8.49
12	10	10	12	28	7.88
12	10	10	12	27	7.28
12	10	10	12	26	6.67
12	10	10	12	25	6.06
13	10	10	13	24	5.15
13	10	10	13	22	4.24
